an	52
sizes	1
ending	1
bitterness	1
warmed	1
scabbard	3
nobody	1
imagination	2
social	1
possess	1
preserve	1
determinations	1
now	6
harassed	1
support	1
fought	1
manage	1
bastinado	1
fineness	1
aloud	1
impediments	1
several	3
hire	1
conscifnce	1
differ	1
latin	1
score	1
altogether	1
greek	1
pretence	1
honour’s	1
resses	1
fortieth	1
alone	3
wear	1
etchings	1
remain	1
equitable	1
instances	1
knee	2
thought	6
marli	1
kind	6
chancery	1
duties	3
nature	9
knewest	1
assured	1
improper	1
regions	1
fected	1
uriah	1
beseech	1
instantaneously	1
shoe	2
begg’d	1
humble	1
fire	3
d–d	1
brain	1
facets	1
bid	2
marchioness	1
amongst	3
babel	1
straw	1
legs	2
revived	1
part	3
plate	1
still	4
below	4
character	2
children	1
only	7
had	88
usually	1
–i	2
distinction	1
states	2
untied	1
presently	1
proposition	3
temptation	1
every	11
customers	1
observing	1
proper	3
sensible	1
bought	1
tables	1
exact	1
loaded	1
patience	2
father’s	1
attack	1
favour	1
assembled	1
fill	2
ois	1
reflet	1
account	10
is	108
knowest	1
brother	9
sausages	1
snappish	1
divide	1
manners	2
st	5
wife	9
motion	1
drawn	1
once	9
lower	1
mine	2
dropped	3
dimensions	1
wish	5
tear	3
inmost	1
health	2
putting	2
throbb’d	1
misguided	1
buy	2
intent	1
early	1
hence	2
misgive	1
weeks	1
yet	5
martinico	1
brave	3
cause	3
incapable	1
honours	2
full	3
sitting	4
knew	1
fuss	1
wait	1
cheerful	4
govern	3
series	1
declension	1
solicitation	1
judicious	1
supper	2
pairs	1
unless	3
unjust	1
make	8
lookingback	1
unavoidably	1
joy	1
five	1
puzzling	1
absolution	1
mass	1
captain	3
two	14
wastmade	1
supped	1
expiration	1
corruptly	1
did	13
world	16
far	2
close	3
mind	10
successful	1
film	2
enter	1
lady	1
simple	1
new	1
disarms	1
happen	4
aud	1
bless	1
rallied	1
grief	1
thou	36
fight	3
fine	1
passed	4
moralised	2
fačt	1
rate	1
service	2
town	1
hanging	1
preside	1
neither	5
buffetings	1
show	4
leghorn	1
sees	2
asked	3
remise	2
projećt	1
another	8
raise	1
whence	2
curtain	1
occasion	3
orders	2
flung	1
offering	1
humanity	1
sits	2
doyemake	1
ligament	1
laugh’d	2
hope	3
dire&t	1
flew	2
error	1
joints	1
bravest	1
jackdaws	1
finished	3
through	2
devil	1
state	5
doubtful	1
principal	2
sister	1
year	5
pronounced	3
exactly	1
ou	1
endurance	1
reputation	1
strike	1
whim	1
unkindly	1
services	2
devotion	1
woman	7
will	57
won	1
relieve	2
thrust	1
doćtor	1
dozen	3
though	11
paying	1
–beat	1
curate	3
her	33
darkest	1
added	15
goodness	2
debt	1
pages	1
treacherous	1
each	3
many	7
not	92
commission	2
testimony	1
wereometo	1
inn	3
drawer	1
ensign	2
seems	1
fellow-creature	1
exclamation	1
utterly	1
benumbed	1
int	2
nose	2
say	13
mentioning	1
heavy	2
joukney	1
parlour	3
honour	33
sous	1
raising	1
without	16
sake	2
red	2
horses	2
fortune	8
pure	1
merit	1
count	1
advocate	2
felt	2
virtue	2
maker	1
instantly	4
moral	2
christmas	1
declare	1
dispatched	1
poor	29
weather	1
stands	2
piqued	1
elbow	1
unto	1
note	1
act	4
talents	1
groin	2
º	8
labour	1
unexpectedly	1
pain	2
eyelashes	1
yeti	1
betwixt	5
generosity	1
sun	1
forget	3
think	10
acknowledgment	1
parrots	1
polished	1
busy	1
herself	3
times	8
aright	1
selling	1
opening	1
unaffectedly	1
mien	1
tomorrow	2
disho	1
dressing	1
scripture	2
consolation	1
receive	2
asleepl	1
accented	1
spirits	1
beat	1
quarters	1
trickled	1
prudent	1
interest	2
arriving	1
am	11
passage	1
waxing	1
descends	1
wheneverthere	1
mend	1
middle	1
les	2
gentleman	6
mental	1
spending	1
desire	2
me	42
extreme	1
exigencies	1
made	12
punétually	1
offeredst	1
security	1
secured	1
lyons	1
shakingmy	1
hastily	1
off	7
conclusion	1
badly	1
consider	2
consciences	1
soon	4
whenever	1
scratched	1
which	76
feet	1
because	3
pressed	4
bleed	1
relate	1
hen	1
subjećt	1
day’s	1
teast	1
quite	1
subterfuges	1
corporal	37
proof	1
rainy	1
door	9
explain	2
done	13
head	12
borrow	1
mistaken	1
neck	1
slight	1
heard	3
reverence	3
marquis	6
untouched	1
sit	4
review	1
course	1
falling	1
accuse	2
certainty	1
namely	2
distress	2
please	16
die	4
virtues	1
ten	3
animal	1
supposes	1
pointing	3
behaviour	1
linen	1
abandoned	1
arm	2
lust	2
disputable	1
mother	1
argute	1
seriousness	1
crupper	1
to	296
marches	1
join	2
ruffle	1
able	4
damask	1
administration	1
we’ll	3
folly	1
excuse	1
share	1
traveller	2
benefits	1
apology	1
lawyer	1
need	2
halters	1
who	26
lying	1
paternal	1
unlooked-for	1
law	5
generally	4
author	1
languages	1
envied	1
fluttered	1
ensued	1
doubt	2
stronger	1
motives	1
forehead	1
opposition	1
comfort	3
decay	1
knife	1
affright	1
on	36
principle	1
consequently	1
proceed	1
hand	26
scene	1
driver	1
loll’d	1
telling	1
going	10
ačt	1
eyes	7
acquaintance	1
sentiment	1
round	3
try	4
coat	5
roquelaure	3
narrow	1
monitor	1
pride	1
hosts	1
buttonhole	1
called	1
also	1
sides	1
standinginthe	1
chevalier	5
accepted	1
cor	1
self-love	1
much	20
dubious	1
legislative	1
discourse	2
withstood	1
choice	1
vol	2
put	11
misfortune	1
continued	12
disordered	1
holding	1
being	11
barefaced	1
dow	1
east	1
cast	4
open	6
our	17
creatnre	1
tile	1
looked	12
fear	3
expresses	1
anything	4
well	19
lad	4
women’s	1
somehow	1
feeling	2
wit	1
foundation	1
f	4
given	6
jovial	1
hurry	1
skirt	1
contentions	1
hands	6
dete&t	1
g	1
dutiful	1
second	5
critical	1
lifting	1
saw	6
totally	1
spring	1
claimed	1
mº	1
wrote	4
before	17
placename	9
folding	1
petty	1
gues	1
absolutely	1
injury	1
maintain	1
settled	1
turned	3
busines	1
temple	1
ceded	1
archives	1
reprove	1
hate	1
imperfect	1
dined	1
custom	1
romannumeral	18
stories	2
face	8
sins	2
esteemed	1
importance	1
told	8
acute	1
bribe	1
domestic	1
devoutly	1
us	12
puny	1
soundly	1
really	1
passing	1
pont	1
higgling	1
restore	1
fever	20
paté	4
premez	1
sat	6
resting	2
advice	1
cave	1
mourn	1
up	46
phenomenon	1
hereafter	1
par	1
mistaking	1
night	12
held	2
stay	1
thyself	3
free	1
people	1
saves	1
cry	2
regiments	1
pulsations	1
distant	1
web	1
hard	2
golden	1
flesh	1
shopkeeper’s	1
blood	3
soft	1
large	3
musket	1
window	2
refer	1
grave	2
beside	3
eat	1
ashes	1
watch	2
represent	1
tied	3
thing	6
incurred	1
thinking	1
gravity	2
cannot	6
journey	3
province	1
inquisition	4
keeping	1
alas	3
complaisance	1
sir	7
differed	1
warm	1
firmness	1
guineas	1
any	13
–that	3
when	43
force	3
reproached	1
silence	3
gaols	1
your	45
youth	8
began	3
framing	1
greetings	1
favourable	1
image	1
sin	2
press	1
cambrick	1
line	1
subtlety	1
peevish	1
heart	22
trains	1
sixty	1
god	22
these	7
bout	1
burst	1
shouldst	3
feel	4
must	20
loose	1
give	8
follows	2
stop	1
years	5
visit	1
fortnight	2
economy	1
tº	1
accusing	1
guilt	3
empty	1
scarce	2
notwithstanding	1
upper	1
abuse	3
pay	4
guided	1
hearing	3
informed	1
speak	6
interests	1
bad	3
taste	1
governor	2
tittle	1
nearer	1
pillow	1
particularly	1
unconcernedly	1
begin	2
ill	3
slept	1
designs	2
moved	1
requisition	1
white	2
beast	1
robs	2
kindness	1
left	8
believed	1
hired	1
comes	4
cudgel	1
providence	1
things	4
wept	1
came	6
horrid	1
upon	59
this	74
stem	2
–or	1
myself	11
ago	1
pray	6
whole	12
trary	1
lastly	1
madest	1
known	3
strictions	1
strange	1
drink	2
toby’s	8
turns	2
fetching	1
provision	2
from	40
suppose	5
affection	2
interrupting	2
blessed	2
condemned	1
considered	1
doing	1
–if	1
wrist	1
remember	5
mirror	1
toast	5
handsomest	1
shelter	1
sack	5
propos	1
hung	4
almost	4
merrily	1
degree	3
brokenhearted	1
air	1
obliged	1
within	7
wiping	1
counted	1
surprised	1
quick	2
attentive	1
patient	1
speaking	1
happened	1
unexpected	1
plagues	1
forefeet	1
chap	2
felling	1
hat	5
tobacco	1
pension	1
perfectly	1
intelligence	2
periods	1
improvement	1
sacred	1
flow	1
bright	1
conversation	2
perceives	1
trenches	2
seen	3
blow	1
accomplishments	1
dinner	1
smoking	1
acting	1
reins	1
name	5
till	10
customs	1
rennes	2
silent	1
bubble	1
reclaimed	1
sense	7
lieutenant’s	3
k	3
pipe	7
church	6
the	649
eaten	1
indeed	5
fleur	4
person	4
arabic3digit	3
high	4
stick	1
eldest	1
sold	1
friends	2
arabicprice	4
train	1
intending	1
accusation	1
application	2
mounted	1
pre	1
shameless	1
produce	2
mais	1
that’s	1
can	17
knowing	2
fanciful	1
let	13
him	119
sleeps	1
approaching	1
angus’s	1
most	9
defending	1
advancing	2
broken	2
belgrade	1
shining	1
mourners	1
warrant	1
endowed	1
uncle	92
–there	1
pen	1
slof	1
ma	1
generous	3
unmerited	1
measured	1
bottom	3
rejoice	1
unnoticed	1
seventeen	1
desires	1
invulnerable	1
sure	4
accordingly	2
foot	4
forwards	1
assize	1
soul	5
reckoning	1
shandy	3
fact	1
corpora	1
privy	1
glass	5
seem	4
ranks	1
trust	8
goes	2
purse	4
slop	19
winning	1
was	118
questions	1
thus	4
summer	1
end	1
pompously	1
chief	1
away	4
rank	1
reader	1
corps	1
tremble	1
parcel	4
dog	2
mother’s	1
hath	1
atutes	1
forefingers	1
twice	4
checks	1
assistant	1
eating	1
top	1
nine	1
blush’d	1
wonder	1
supposed	3
stooping	1
served	1
lives	3
broke	2
propernoun	25
emperor	1
unwary	1
commit	1
fell	4
tres	1
rich	1
hundred	1
step	4
showed	1
levens’s	1
mite	1
smote	2
wrong	6
oppressed	1
rest	6
commune	1
different	2
bosom	2
kissed	3
–but	1
tally	1
wish’d	1
recruit	1
citadel	1
tears	3
allies	1
speculative	1
bitter	4
village	2
unconcerned	1
monsieur	6
cellar	1
creation	1
prithee	3
description	2
ye	2
cover	1
plain	4
slipped	2
withhold	1
squabbles	1
nightcap	1
heartily	3
require	1
curl	1
temperature	1
body	3
naked	1
send	2
disposed	1
embarrassment	1
hang	1
false	3
men	3
sickness	2
h	8
peradventure	1
husband	5
bountiful	1
true	9
opinion	2
seemed	4
man’s	5
re	3
dirty	1
army	7
forty-eight	1
home	3
bedside	5
become	4
gradually	1
condition	2
report	1
independently	1
number	1
fence	1
pleads	1
reality	2
yorick’s	2
stating	1
forgot	3
thee	22
u	3
virtuous	1
parted	2
thinks	2
ways	2
reasoning	1
respect	1
almighty	1
march	8
bring	6
carriage	2
ribbon	2
advanced	2
basely	1
commerceless	1
tower	1
house	10
ledge	1
plan	1
begged	2
attended	2
laid	7
priest	1
none	1
guest	1
least	6
tonight	2
since	4
believe	6
composed	1
stopp’d	2
young	4
beauties	1
paring	1
disdain	1
ears	3
longer	2
dies	2
look	13
croik	1
sent	5
confidently	1
watching	1
spoke	3
liberty	3
coming	5
circle	1
read	6
painted	1
tones	1
ceremony	2
interposition	1
blossom	1
fancy	2
landlord	10
deep	2
perverted	1
evening	2
justify	1
appetite	1
turks	2
work	2
earth	1
does	9
cold	3
willingly	3
twenty	3
effects	1
sell	1
finding	1
affections	1
comique	1
solemn	2
yourself	1
moderate	1
death	6
help	6
never	17
continuation	1
match	1
movement	1
then	26
breeches	1
shandy’s	2
human	3
wouldst	2
flattering	1
next	5
mean	2
denied	1
asperities	1
pass	1
mutually	1
fortified	1
wilfully	1
trustwehave	1
confidence	1
overtook	1
good-natured	3
occasions	1
ifl	1
nothing	11
private	2
wishing	1
twelve	2
mr	2
throbs	1
vigilant	1
exquisite	1
nearly	2
friend	6
sundry	1
last	12
i’’	1
hypocrite	1
la	5
rested	1
volontiers	1
occupations	1
prays	2
ruin	1
thro’	1
breast	2
wished	2
tribunal	1
complains	1
dear	8
towards	5
casual	1
sedate	1
deceit	1
trim	51
boy’s	2
shalf	1
genius	1
take	18
modestly	1
livre	3
chara&ter	1
superadded	2
hilt	1
no	38
wheel	1
vilely	1
insensibly	2
current	1
ring	3
pensive	1
preface	1
leg	1
panniers	2
col	1
more	21
pretend	1
q	1
recompense	1
threshold	1
o'day	1
therefore	2
inquiries	1
ease	1
fellow’s	2
fed	1
flying	1
departed	1
lame	1
ashamed	1
hitting	1
insulted	1
parson	4
shook	1
–the	1
fori	1
impressed	1
depend	2
w	1
louis	1
grisset’s	1
particular	1
case	8
today	1
spread	1
paper	1
awakens	1
powers	1
father	32
empires	1
collisions	1
together	11
modesty	1
wistfully	1
tree	1
rupt	1
vicious	2
viles	1
selfish	1
public	2
necessary	1
persisted	1
patés	1
shall	29
asleep	3
hem	1
fet	1
followed	3
fingers	1
baal	1
handkerchief	5
talking	2
argues	1
what	36
eleemosy	1
feelings	1
may	19
shops	1
uttermost	1
blinded	1
awoke	1
always	6
cccuilt	1
ºperably	1
spark	1
supported	3
hour	3
moment	8
cautious	1
itself	3
foryou	1
eugenius	3
appears	1
expected	2
cases	2
place	5
youngest	2
partner	1
administering	1
light	2
king	4
debauched	2
thousand	3
covered	1
order	3
she	36
along	4
trod	1
co	1
worse	2
notorious	1
price	1
wipe	1
dlesticks	1
reports	2
equip	1
at	68
contrary	2
trusted	2
dark	3
inward	1
ask’d	2
behind	5
boy	5
reached	3
president	1
knees	4
imperial	1
lead	3
fever’s	5
little	30
appearance	3
scorns	1
quarter	1
fifty	1
mur	1
west	1
collet	1
conscientiously	1
others	5
profession	1
in	217
tristram	1
quietly	1
lament	1
nonsense	1
religious	1
frank	1
breakfast	1
pleasantry	1
pronounce	1
sometimes	5
shape	1
tender	1
treatment	1
country	1
angles	1
leaves	1
jew’s	1
circumstances	1
dare	1
best	9
infallible	2
landlady	2
madame	1
hugely	1
his	242
pursued	1
finish	1
dangerous	1
shaking	2
shalt	3
embracing	1
integrity	1
vent	1
understand	1
crime	1
concerting	1
detained	1
confession	2
expe&ted	1
robe	1
brought	4
sorrow	3
begirt	1
sigh	3
shows	1
affair	2
letter	1
fragments	1
corner	1
pour	1
reflections	1
gates	2
brilliant	1
its	14
motive	1
slow	2
trusty	1
child	2
down	28
durst	1
appeal	2
smooth	3
ºº	1
didst	2
propensity	1
notice	1
better	12
drubbing	1
mention	1
neatness	1
beget	1
patisserie	1
s	15
school	1
unhappy	1
arts	1
strait	1
civil	3
–and	3
rising	3
found	5
wove	2
maintaining	1
wide	2
lain	1
pulpit	1
properties	1
ask	5
fathers	1
gone	1
sounded	1
here	8
melancholy	2
hypocrisy	1
beings	2
recording	1
availed	1
family	5
self	1
those	7
sweet	1
story	13
old	8
countenance	2
a	327
interruption	1
seldom	2
actually	1
princes	1
master	2
killed	1
past	3
paces	2
hotel	2
an’	1
travelling	1
something	8
gave	10
stirred	1
road	1
attendez	1
kept	1
widow	2
again	15
tried	1
penetrating	1
escapes	1
three	5
trim’s	1
bottles	1
value	1
campaigns	1
women	1
gloves	7
plots	1
volume	1
fellow	3
with	107
entrenched	1
too	17
sending	1
taken	8
p	3
commerce	1
detestation	1
gentle	3
morality	2
their	10
necessity	3
detain	1
rear	1
monarchy	1
wishfully	1
friendless	1
sharp	1
seldon	1
answer	5
i	246
pricked	1
strong	1
usage	1
taining	1
planned	1
get	5
unmerciful	1
miseries	1
inclination	1
leave	4
shirt	1
woman’s	1
sight	4
servant	9
everything	4
cushion	3
bag	1
pursuing	1
quoth	24
by	42
tops	1
twisted	1
packet	1
bureau	1
ours	2
intimates	1
throwing	1
m’en	1
arabic1digit	126
thoughtful	1
else	3
been	16
stead	1
nineteen	1
backwards	1
aught	1
dismissed	1
brains	1
across	2
blotted	1
inch	1
stopped	2
perjures	2
views	1
facing	1
provisions	1
honest	3
apostle	7
you	46
useful	1
bred	2
language	1
d’ors	1
counter	2
determine	2
worst	1
compunction	1
view	2
forsook	1
meaning	1
side	9
judgement	7
sleeping	1
laughing	1
hebrews	2
attend	1
palace	1
touching	1
own	13
attentively	1
shutting	1
angel	1
blended	1
morning	5
has	41
way	9
wise	1
wonted	1
’tis	3
detestable	1
stone	1
contract	1
o	9
above	5
pair	3
wonders	1
example	1
laying	8
envy	1
spare	1
silken	1
nobility	1
waiting	1
eleven	1
obscurity	1
extremes	1
if	51
errs	1
shopkeeper	2
required	1
unsavouriness	1
creature	2
whatever	2
went	17
longest	1
waved	1
connected	1
exchange	1
fast	1
why	6
lay	4
of	320
over	13
small	5
deceived	2
governed	1
wrapping	1
drew	2
thoughts	1
lies	2
conscious	1
gets	1
dost	1
delivered	1
rough	2
form	1
purchased	1
reason	7
universally	1
affected	1
incident	2
fallacious	1
content	1
parts	2
–exceptionable	1
meets	1
than	27
preceptor	1
wicked	3
tent	2
robber	1
unfortunate	1
pettifogging	1
shut	3
wiped	1
taught	1
religion	4
sick	2
promises	1
replied	24
laws	2
compas	1
natures	2
present	4
sting	1
grisset	1
single	3
hast	8
lieutenant	12
upright	1
express	2
gate	4
causes	4
arms	3
eyelids	1
out	36
regiment	8
popery	1
under	6
root	1
deposited	1
goods	1
astray	1
certainly	8
sufficient	1
fornication	1
natural	2
they	14
choose	1
opera	1
ordered	3
r	6
digests	1
openings	1
greater	1
cross	2
looking	3
necessarily	1
sufferings	1
age	3
four	2
dealings	1
thrash	1
fail	1
smiling	2
prompted	1
courtesy	3
ancient	2
mischievous	1
route	1
great	6
sighing	1
ready	3
we	31
refuge	1
–sometimes	1
duchy	1
appearances	1
approbation	2
d’e****	2
classes	1
whom	5
texture	1
stairs	1
springs	1
negligently	1
carry	2
heaven	4
rascal	1
inside	1
intercourse	1
libertine	1
black	5
fatal	1
were	8
fork	2
meus	1
gentlemen	1
safe	1
page	3
possible	3
dr	14
christian	1
practice	1
ship	1
stress	1
croix	5
deformed	1
could	29
infinite	1
amen	1
stood	4
pocket	3
reservation	1
positive	1
innocence	1
very	19
beads	1
six	1
crafty	1
stand	6
pleaded	1
where	13
countermanded	1
drawing	1
cardinal	1
marquis’s	1
already	3
prayers	4
set	5
aside	3
remained	2
reward	1
search	1
clouds	1
shame	1
inexperience	1
hourly	2
picion	1
counting	2
effei	1
want	4
faith	2
son	13
break	3
measures	1
beard	1
likely	3
consideration	1
concluded	1
dowry	1
grateful	1
evidence	4
breda	1
perplex	1
son’s	1
unwarrantable	1
inquiry	1
says	1
capable	2
fresh	1
voice	1
ass	6
raised	1
points	1
good	31
joining	1
modes	1
vil	1
degrees	2
numbers	3
direétly	1
gain	1
condućt	1
continual	1
unsuspecting	1
manis	1
deluded	1
cistern	1
prison	1
finally	1
wound	4
do	27
returned	7
agent	1
bone	1
interječtion	1
working	3
enough	8
pulse	3
pleasure	2
thon	1
confined	1
crimes	1
tis	14
artichoke	1
opened	2
man	42
win	2
business	1
surely	5
ebb’d	1
impossible	3
whilst	3
shot	2
thrum	1
tone	1
sical	1
eternally	1
executing	1
see	13
mischances	1
turn	6
phial	1
objećtion	1
concerned	4
fourteen	1
vengeance	1
measure	1
struck	1
provocation	1
dispossess	1
amicable	1
finds	1
honoured	1
interested	1
infant	1
qūt	1
apes	1
fallen	1
tasted	1
sword	13
obtained	1
gentleman’s	1
matter	15
kiss	1
easily	1
unchangeable	1
couple	4
matters	1
applied	1
passion	2
accent	1
hold	8
sh	1
making	3
multitude	1
trade	1
sayest	1
hours	1
faster	1
twell	1
bargain	1
gallant	2
or	60
apt	1
meant	1
pretty	2
smites	1
readest	1
reverse	1
successive	1
printed	1
offers	1
aye	1
amiable	1
extremely	1
like	10
habits	1
obligations	2
fin	1
liable	1
building	1
rather	2
crook	2
certain	4
dead	2
inference	1
spent	1
whether	10
examples	1
drop	2
welcome	3
seven	11
vows	1
stranger	5
absolute	1
days	3
simpse	1
love	1
judge	1
justice	1
some	18
short	7
humph	3
halter	1
less	2
dressed	1
truly	3
learned	2
tempered	2
n	7
spirit	2
righteous	1
near	5
company	3
tºby	1
return	2
peace	3
instructions	2
bitterest	1
thanks	4
uses	1
facts	2
ruffles	1
entertaining	1
pains	1
shilling	1
’s	1
perception	1
looks	5
despaired	3
bow	7
e	25
accord	1
it	188
unwilling	1
mouth	2
rust	1
allow	1
engaged	2
alarm	1
thick	1
grace	1
conduét	1
officer	3
darkness	1
citizen	1
time	23
call	3
unable	1
ex	1
committing	1
complaint	1
conceit	1
sorry	1
cognizance	1
third	3
offered	2
i’ll	4
basket	5
putse	1
chooses	1
pugh	1
excellent	1
repentance	1
same	13
blowing	1
i’m	1
feels	1
fifteen	1
salic	1
resolving	1
other	20
upstairs	2
repeated	2
mercy	1
dealing	1
eye	6
makes	2
conscience	27
i'll	1
happens	1
fighting	1
offer	4
af	2
months	2
sacraments	2
pope	1
doubts	3
ancestors	1
married	1
affront	1
soldier	6
conviction	1
breaking	1
terms	1
firmly	1
takest	1
jases	1
ebb	1
innocent	1
3–and	1
as	137
after	8
loves	1
d	4
office	1
into	40
pursuits	1
grounds	4
flićted	1
approached	1
care	2
assures	1
workings	2
money	2
annuity	1
flanders	2
sus	1
defy	1
halfway	1
uppermost	1
–for	1
adjust	1
against	8
himself	21
thy	12
often	7
characters	1
friendship	1
terrors	1
play	1
waving	1
comprehend	1
received	1
mightily	1
worn	1
mightest	1
pulled	2
accounts	1
surprise	1
sparkled	1
but	70
bias	1
on’t	1
room	8
knocked	1
polish	1
general	4
so	61
stabs	1
mutual	1
them	25
turnip	1
possibly	2
unfortunately	1
perhaps	7
indifference	1
took	9
sneering	1
are	27
don’t	1
street	4
forebore	1
patrimony	1
tend	1
pulses	1
recommend	2
lawmakers	1
thundering	1
picked	1
accused	1
lost	3
pale	1
oath	1
argument	1
real	2
presided	1
takes	3
beauty	2
–you	1
torment	2
clean	2
artillery	1
tell	11
wilt	1
mankind	1
forfeiture	1
find	5
giving	3
croyez	1
censure	2
whitsuntide	1
ear	1
venture	1
livres	1
prayer	1
imagine	1
knowledge	2
fat	1
reads	1
hunger	1
rule	3
interrupted	1
heels	1
all	50
party	1
sentence	4
fon	2
regimental	1
nover	1
tho’	1
marching	1
mounting	1
ecclesiasticus	1
i–we’ll	1
wretch	2
confirm	1
politeness	1
secret	1
attempt	2
throughout	1
saint’s	1
minute	3
curiosity	1
for	104
word	8
safely	2
penetration	1
inquire	1
low	4
intended	1
frankness	1
what’s	1
kneel	1
pres	1
frame	1
sentiments	1
calls	1
court	3
napkin	2
iron	1
even	5
taking	8
loved	2
infector	1
m	3
wages	1
following	2
during	1
however	2
sort	1
quiet	2
lifted	1
sermon	3
ad	1
trouble	4
point	3
turning	1
saying	3
such	21
vice	1
preaching	1
either	4
romish	1
suspect	1
sordid	1
life	15
daughter	1
come	7
difference	1
pipes	1
pulling	2
musing	2
courtesies	2
pebbles	1
you’ll	1
steal	1
viler	1
live	2
forced	2
expensive	2
captive	1
nurse	2
scrupulous	1
minutes	5
catholic	1
directly	2
written	1
appear	3
might	4
honesty	3
mary	1
chicane	1
discovers	1
5–he	1
few	4
contexture	1
dismal	1
casuists	1
brighten	1
spenses	1
dishonour	2
protestant	3
anticipation	1
about	12
surrounded	1
got	8
fitting	1
soi	1
persuaded	2
disconsolation	1
le	24
impracticable	1
combined	1
inquired	1
i–if	1
kitchen	4
benevolenge	1
begets	1
macaroon	2
esteem	1
involve	1
hinder	1
between	2
hardly	2
placed	1
themselves	2
caught	2
just	12
communion	1
clear	1
larceny	2
–he	2
ever	12
how	18
destroying	1
scourge	1
britanny	3
considerably	1
communicated	1
first	16
walked	5
continually	1
misled	1
long	8
inse	1
forcibly	1
having	7
my	187
acquiescence	1
thin	2
and	420
suffer	1
boys	1
hearts	2
hadst	1
beg	5
reclaim	2
declaim	1
meet	1
alter	1
inher	1
detached	1
benignity	1
oblige	1
original	1
kneeling	1
eternal	2
cut	1
straight	1
half	5
somewhat	2
lose	2
answered	8
branches	1
de	2
calm	1
retreating	1
governs	1
faculties	1
ought	1
chose	1
arabic2digit	75
executive	1
toasted	1
metal	1
heavens	1
bed	9
excepting	1
troublesome	1
rose	5
mice	1
common	5
there	41
interrupt	1
duel	1
understood	1
perceive	1
one	41
condemns	2
cabbage	1
whose	3
poverty	1
mortal	2
testified	1
apron	1
saint	3
shop	10
bib	1
contracted	1
strongly	1
y	2
foul	1
cunning	1
reconnoitre	1
multiply	1
sons	3
artery	1
nail	1
adulterers	1
bending	1
steps	1
temper	1
divine	2
species	1
words	3
incompass	1
standing	3
go	19
bondage	1
harassing	1
beheld	1
would	28
carried	2
pitied	1
gold	1
chair	10
g–	1
personalname	103
subject	1
lack	1
subsist	1
reproaches	1
endowments	1
cart	1
needy	1
bequests	1
cat	1
entered	3
maca	1
licence	1
seeing	4
equally	3
indiscretions	1
principles	2
planets	1
thank	2
5–finds	1
know	8
opposite	1
sideboard	1
ders	1
back	12
t	11
have	54
pećted	1
water	2
he	229
fall	3
fit	2
apothecary	1
deserved	1
nor	3
should	12
faithful	2
rise	2
im	1
supply	1
getting	2
writer	2
power	1
defeat	2
fourth	1
inventive	1
eing	1
insult	1
healed	1
staid	1
beautiful	4
plainly	1
orphan	1
sentimental	1
hearted	1
actions	5
enjoyment	2
penalty	1
reformed	2
converse	1
knows	8
manner	4
safer	1
physician	1
guardians	2
be	61
greatest	1
department	1
perplexities	1
hypocondriac	1
art	7
kindling	1
veneration	1
said	126
architecture	1
modern	1
truth	5
respected	1
here’s	1
chattels	1
unequitable	1
pity	3
seat	2
cheats	1
familiarity	1
continue	1
inclinations	1
propreté	1
rote	1
besides	1
fionate	1
cheeks	1
grieve	1
embarked	1
hint	1
resource	1
beginning	1
bear	2
day	7
smiting	1
guard	2
preached	1
ignorance	1
corporal’s	3
concern	1
humbly	1
concerning	1
designing	1
cried	7
guilty	2
right	13
save	3
aid	1
alternately	1
glad	1
passes	2
painful	1
purpose	2
book	3
both	9
that	109
beckoned	1
consult	1
b	5
